2018-09-04 11:46:58
Hila, 90210, 18351588, 18241482, 36378, 36365
Yairjun, 90210, 18229806, 18449980, 36465, 36357
Michael, 90210, 18198981, 18060174, 36112, 36334
Eli, 90210, 18141639, 18043938, 36531, 36364
Liran, 90210, 18213281, 18177376, 36026, 36487
bari, 90210, 18167968, 18095886, 36281, 36017
Yaron, 90210, 18068688, 18113320, 36417, 36648
Asaf, 90210, 18099627, 18226646, 36349, 36179
Avital, 90210, 18222299, 18339026, 36640, 36336
Janiv, 90210, 17890813, 18269552, 35774, 36308
GPRS, 90210, 0, 0, 0, 0
